Obliczenia wykonane na siatce o nazwie - Test2_4_4_MixGrid.txt
Poprawnie otworzono plik.
500
50
25
300
1200
100
7800
700
8 16
9 9
x = 0.1   Y = 0.005,  status = 0
x = 0.0546918   Y = 0.005,  status = 0
x = 0.0226541   Y = 0.005,  status = 0
x = 0   Y = 0.005,  status = 0
x = 0.1   Y = -0.0403082,  status = 0
x = 0.0623899   Y = -0.0326101,  status = 0
x = 0.0303522   Y = -0.0253522,  status = 0
x = 0   Y = -0.0176541,  status = 0
x = 0.1   Y = -0.0723459,  status = 0
x = 0.0696478   Y = -0.0646478,  status = 0
x = 0.0376101   Y = -0.0573899,  status = 0
x = 0   Y = -0.0496918,  status = 0
x = 0.1   Y = -0.095,  status = 0
x = 0.0773459   Y = -0.095,  status = 0
x = 0.0453082   Y = -0.095,  status = 0
x = 0   Y = -0.095,  status = 0
ID[1,2,6,5]
ID[2,3,7,6]
ID[3,4,8,7]
ID[5,6,10,9]
ID[6,7,11,10]
ID[7,8,12,11]
ID[9,10,14,13]
ID[10,11,15,14]
ID[11,12,16,15]
Temperature results
H dla elementu - 1
17.7624 -3.39971 -10.963 -3.39972
-3.39971 14.6508 -5.14961 -6.10152
-10.963 -5.14961 21.2622 -5.14961
-3.39972 -6.10152 -5.14961 14.6508
BC 16310.9 8155.47 0 8155.47

H dla elementu - 2
20.9584 -5.19066 -13.2722 -2.49555
-5.19066 14.138 -4.44553 -4.50181
-13.2722 -4.44553 23.3769 -5.65921
-2.49555 -4.50181 -5.65921 12.6566
BC 5766.79 5766.79 0 0

H dla elementu - 3
21.1279 -5.49125 -12.3674 -3.26933
-5.49125 16.2136 -5.49125 -5.23115
-12.3674 -5.49125 21.1279 -3.26933
-3.26933 -5.23115 -3.26933 11.7698
BC 4077.74 8155.47 4077.74 0

H dla elementu - 4
20.9584 -2.49555 -13.2722 -5.19067
-2.49555 12.6566 -5.65921 -4.50181
-13.2722 -5.65921 23.3769 -4.44552
-5.19067 -4.50181 -4.44552 14.138
BC 5766.79 0 0 5766.79

H dla elementu - 5
24.4398 -4.61748 -15.2049 -4.61748
-4.61748 12.5 -4.61748 -3.26505
-15.2049 -4.61748 24.4398 -4.61748
-4.61748 -3.26505 -4.61748 12.5
BC 0 0 0 0

H dla elementu - 6
23.3769 -4.44553 -13.2722 -5.65921
-4.44553 14.138 -5.19066 -4.50181
-13.2722 -5.19066 20.9584 -2.49555
-5.65921 -4.50181 -2.49555 12.6566
BC 0 5766.79 5766.79 0

H dla elementu - 7
21.1279 -3.26933 -12.3674 -5.49125
-3.26933 11.7698 -3.26933 -5.23115
-12.3674 -3.26933 21.1279 -5.49125
-5.49125 -5.23115 -5.49125 16.2136
BC 4077.74 0 4077.74 8155.47

H dla elementu - 8
23.3769 -5.65921 -13.2722 -4.44553
-5.65921 12.6566 -2.49555 -4.50181
-13.2722 -2.49555 20.9584 -5.19066
-4.44553 -4.50181 -5.19066 14.138
BC 0 0 5766.79 5766.79

H dla elementu - 9
21.2622 -5.14961 -10.963 -5.14961
-5.14961 14.6508 -3.39971 -6.10152
-10.963 -3.39971 17.7624 -3.39971
-5.14961 -6.10152 -3.39971 14.6508
BC 0 8155.47 16310.9 8155.47

17.7624 -3.39971 0 0 -3.39972 -10.963 0 0 0 0 0 0 0 0 0 0
-3.39971 35.6092 -5.19066 0 -6.10152 -7.64516 -13.2722 0 0 0 0 0 0 0 0 0
0 -5.19066 35.2659 -5.49125 0 -4.50181 -7.71486 -12.3674 0 0 0 0 0 0 0 0
0 0 -5.49125 16.2136 0 0 -5.23115 -5.49125 0 0 0 0 0 0 0 0
-3.39972 -6.10152 0 0 35.6092 -7.64516 0 0 -5.19067 -13.2722 0 0 0 0 0 0
-10.963 -7.64516 -4.50181 0 -7.64516 71.0151 -10.2767 0 -4.50181 -10.2767 -15.2049 0 0 0 0 0
0 -13.2722 -7.71486 -5.23115 0 -10.2767 71.0237 -7.71486 0 -3.26505 -10.2767 -13.2722 0 0 0 0
0 0 -12.3674 -5.49125 0 0 -7.71486 35.2659 0 0 -4.50181 -5.19066 0 0 0 0
0 0 0 0 -5.19067 -4.50181 0 0 35.2659 -7.71486 0 0 -5.49125 -12.3674 0 0
0 0 0 0 -13.2722 -10.2767 -3.26505 0 -7.71486 71.0237 -10.2767 0 -5.23115 -7.71486 -13.2722 0
0 0 0 0 0 -15.2049 -10.2767 -4.50181 0 -10.2767 71.0151 -7.64516 0 -4.50181 -7.64516 -10.963
0 0 0 0 0 0 -13.2722 -5.19066 0 0 -7.64516 35.6092 0 0 -6.10152 -3.39971
0 0 0 0 0 0 0 0 -5.49125 -5.23115 0 0 16.2136 -5.49125 0 0
0 0 0 0 0 0 0 0 -12.3674 -7.71486 -4.50181 0 -5.49125 35.2659 -5.19066 0
0 0 0 0 0 0 0 0 0 -13.2722 -7.64516 -6.10152 0 -5.19066 35.6092 -3.39971
0 0 0 0 0 0 0 0 0 0 -10.963 -3.39971 0 0 -3.39971 17.7624
BC 16310.9 13922.3 9844.53 8155.47 13922.3 0 0 9844.53 9844.53 0 0 13922.3 8155.47 9844.53 13922.3 16310.9
