ID[1,2,6,5]
ID[2,3,7,6]
ID[3,4,8,7]
ID[5,6,10,9]
ID[6,7,11,10]
ID[7,8,12,11]
ID[9,10,14,13]
ID[10,11,15,14]
ID[11,12,16,15]

H dla elementu - 1
49.6157 9.73255 -5.79402 9.73255
9.73255 39.8574 4.65926 -0.932583
-5.79402 4.65926 39.8219 4.65926
9.73255 -0.932583 4.65926 39.8574
BC 21280.4 12807.5 4334.64 12807.5

H dla elementu - 2
37.9073 2.93113 -10.0546 4.29228
2.93113 29.6763 1.63698 -1.28423
-10.0546 1.63698 35.3725 0.691221
4.29228 -1.28423 0.691221 26.0628
BC 8793.84 8582.24 2764.61 2976.2

H dla elementu - 3
31.7362 -0.45159 -10.2816 1.16661
-0.45159 28.0294 -0.451591 -3.14542
-10.2816 -0.451591 31.7362 1.16661
1.16661 -3.14542 1.16661 21.1707
BC 5954.89 9873.93 5954.89 2035.85

H dla elementu - 4
37.9073 4.29229 -10.0546 2.93113
4.29229 26.0628 0.691219 -1.28423
-10.0546 0.691219 35.3725 1.63698
2.93113 -1.28423 1.63698 29.6763
BC 8793.84 2976.2 2764.61 8582.24

H dla elementu - 5
36.2545 1.28988 -12.2512 1.28987
1.28988 24.3147 1.28988 -0.311373
-12.2512 1.28988 36.2545 1.28988
1.28987 -0.311373 1.28988 24.3147
BC 2658.31 2658.31 2658.31 2658.31

H dla elementu - 6
35.3725 1.63698 -10.0546 0.691222
1.63698 29.6763 2.93113 -1.28423
-10.0546 2.93113 37.9073 4.29228
0.691222 -1.28423 4.29228 26.0628
BC 2764.61 8582.24 8793.84 2976.2

H dla elementu - 7
31.7362 1.16661 -10.2816 -0.451589
1.16661 21.1707 1.16661 -3.14542
-10.2816 1.16661 31.7362 -0.451589
-0.451589 -3.14542 -0.451589 28.0294
BC 5954.89 2035.85 5954.89 9873.93

H dla elementu - 8
35.3725 0.691222 -10.0546 1.63698
0.691222 26.0628 4.29228 -1.28423
-10.0546 4.29228 37.9073 2.93113
1.63698 -1.28423 2.93113 29.6763
BC 2764.61 2976.2 8793.84 8582.24

H dla elementu - 9
39.8219 4.65926 -5.79402 4.65926
4.65926 39.8574 9.73255 -0.932583
-5.79402 9.73255 49.6157 9.73255
4.65926 -0.932583 9.73255 39.8574
BC 4334.64 12807.5 21280.4 12807.5

49.6157 9.73255 0 0 9.73255 -5.79402 0 0 0 0 0 0 0 0 0 0
9.73255 77.7647 2.93113 0 -0.932583 8.95154 -10.0546 0 0 0 0 0 0 0 0 0
0 2.93113 61.4125 -0.45159 0 -1.28423 2.80359 -10.2816 0 0 0 0 0 0 0 0
0 0 -0.45159 28.0294 0 0 -3.14542 -0.451591 0 0 0 0 0 0 0 0
9.73255 -0.932583 0 0 77.7647 8.95155 0 0 2.93113 -10.0546 0 0 0 0 0 0
-5.79402 8.95154 -1.28423 0 8.95155 128.202 1.9811 0 -1.28423 1.98109 -12.2512 0 0 0 0 0
0 -10.0546 2.80359 -3.14542 0 1.9811 116.23 2.8036 0 -0.311373 1.9811 -10.0546 0 0 0 0
0 0 -10.2816 -0.451591 0 0 2.8036 61.4125 0 0 -1.28423 2.93113 0 0 0 0
0 0 0 0 2.93113 -1.28423 0 0 61.4125 2.8036 0 0 -0.451589 -10.2816 0 0
0 0 0 0 -10.0546 1.98109 -0.311373 0 2.8036 116.23 1.9811 0 -3.14542 2.8036 -10.0546 0
0 0 0 0 0 -12.2512 1.9811 -1.28423 0 1.9811 128.202 8.95154 0 -1.28423 8.95154 -5.79402
0 0 0 0 0 0 -10.0546 2.93113 0 0 8.95154 77.7647 0 0 -0.932583 9.73255
0 0 0 0 0 0 0 0 -0.451589 -3.14542 0 0 28.0294 -0.451589 0 0
0 0 0 0 0 0 0 0 -10.2816 2.8036 -1.28423 0 -0.451589 61.4125 2.93113 0
0 0 0 0 0 0 0 0 0 -10.0546 8.95154 -0.932583 0 2.93113 77.7647 9.73255
0 0 0 0 0 0 0 0 0 0 -5.79402 9.73255 0 0 9.73255 49.6157
BC 21280.4 21601.4 14537.1 9873.93 21601.3 12945.4 10223.4 14537.1 14537.1 10223.4 12945.4 21601.4 9873.93 14537.1 21601.4 21280.4

Time = 50 min_T= 95.152, max_T = 374.69